8
1 1 2 2
5 7 8 8
2 2 5 5
2 2 5 5
6 3 8 6
6 3 8 5
6 3 8 8
3 6 7 8
9
3 3 4 8
5 1 9 3
1 1 2 2 
1 6 2 9
3 9 6 9
6 6 8 8
9 4 9 9
7 4 8 9
5 4 5 8
10
1 1 5 6
5 5 7 9
2 2 8 8
4 7 9 10
3 8 5 9
8 8 10 10
2 2 9 9
5 6 9 8
6 6 10 10
7 8 9 10
4
1 1 1 1
2 2 2 2
3 3 3 3
4 4 4 4
5
1 1 1 1
5 5 5 5
3 3 3 3
2 2 2 2
4 4 4 4
4
1 1 1 1
2 1 2 1
3 1 3 1
4 1 4 1
4
1 1 1 1
2 1 2 1
3 1 3 1
4 1 4 1
3
1 1 2 2
1 1 2 2
1 2 2 2
1
1 1 1 1
3
1 1 3 3
1 1 3 3
2 2 2 2
0
