108
1 1
56
2 2
47 9
3 3
44 57 8
4 4
87 12 52 54
5 5
74 46 68 92 67
6 6
16 42 88 81 32 81
7 7
17 27 99 38 12 8 34
8 8
7 21 75 83 89 98 5 36
9 9
86 93 8 1 21 8 29 15 1
10 10
2 77 36 63 43 91 3 1 15 22
18 11
55 32 10 21 88 7 24 57 7 11 38 73 43 36 96 88 4 78
23 12
69 2 28 48 66 34 35 65 40 14 8 94 13 6 96 95 36 79 54 10 48 51 78
7 13
16 51 1 60 59 99 46
11 14
67 5 10 68 55 3 35 84 2 46 60
14 15
77 83 92 21 79 78 10 25 63 5 11 19 49 23
26 16
24 97 76 53 82 59 26 74 53 13 83 26 99 61 30 74 82 100 22 53 82 23 61 91 58 97
29 17
46 98 3 4 88 90 69 50 4 95 80 18 17 42 46 70 2 56 4 73 75 71 29 51 68 67 81 77 65
25 18
7 89 95 54 98 72 14 29 54 37 59 83 95 1 51 53 91 45 98 61 42 59 57 53 47
29 19
40 57 17 49 6 93 16 63 100 40 95 56 68 94 9 64 35 66 21 53 63 75 59 25 37 60 19 31 6
34 20
46 52 50 61 79 36 13 86 77 41 70 15 54 49 63 13 89 28 28 94 38 52 46 66 78 86 86 77 31 93 7 83 37 24
20 21
72 10 79 31 50 72 30 21 19 52 10 33 71 49 95 1 13 99 87 19
42 22
2 9 83 59 41 99 30 75 52 32 11 54 41 20 29 39 25 24 27 60 18 43 80 54 20 88 11 27 42 35 67 10 4 42 37 38 47 98 7 17 43 37
29 23
42 98 25 15 97 18 82 9 35 9 84 47 88 21 50 27 82 22 50 66 77 10 52 50 79 35 37 71 82
13 24
61 22 76 12 23 52 59 59 46 60 31 24 31
36 25
81 23 15 1 29 40 35 98 12 3 60 53 36 31 43 93 14 3 74 34 25 12 33 97 33 34 61 93 28 78 84 51 75 34 8 80
29 26
51 37 15 30 61 94 57 88 18 99 32 56 57 66 49 16 42 6 27 79 3 11 97 25 61 97 89 28 51
36 27
76 99 100 53 18 87 88 4 74 100 83 97 59 82 99 71 39 89 38 86 12 32 96 1 85 9 33 31 90 75 31 40 99 42 88 69
51 28
98 3 38 24 33 75 17 63 52 88 26 41 97 87 62 12 48 27 64 88 74 66 79 83 9 36 26 14 43 13 27 98 17 10 76 64 48 85 65 82 95 11 44 5 26 41 86 59 1 19 64
37 29
51 63 52 82 1 4 87 58 20 100 34 9 22 93 25 77 83 3 63 9 50 77 64 8 14 40 5 100 89 36 80 78 85 98 45 2 18
39 30
50 58 20 27 91 36 92 26 10 90 98 60 3 25 49 88 100 32 42 77 28 24 98 79 56 29 42 98 19 99 55 50 16 77 87 79 29 27 30
16 31
93 93 42 62 10 89 14 16 67 44 2 41 84 27 1 89
7 32
17 9 42 70 95 2 30
46 33
56 77 2 85 91 39 61 52 54 93 22 71 70 27 72 49 59 73 61 26 75 19 36 85 82 99 96 18 5 95 47 83 4 55 74 81 23 70 1 3 23 55 74 56 74 13
8 34
38 55 86 18 50 65 59 59
70 35
40 70 89 98 68 61 89 37 13 75 4 43 76 74 44 63 28 52 32 6 50 86 75 55 79 78 77 18 10 50 41 93 94 46 81 8 5 80 54 15 2 42 67 62 53 35 25 12 68 26 74 77 81 18 30 25 11 58 4 27 93 74 11 8 63 83 62 27 93 5
67 36
44 67 27 67 14 76 40 97 51 13 100 27 86 22 84 76 61 45 95 12 59 12 2 41 70 40 92 40 2 84 100 23 65 97 17 27 91 11 81 17 50 9 74 63 17 42 48 46 71 72 9 72 53 6 89 19 83 80 41 28 8 82 74 58 6 91 87
74 37
29 70 61 68 70 42 91 10 14 16 38 76 28 92 87 84 45 80 75 88 69 16 81 22 98 18 22 2 34 30 16 14 96 93 47 36 98 73 13 6 4 56 15 42 91 68 65 36 92 42 60 65 28 82 57 10 53 27 91 41 89 19 57 71 52 70 50 4 41 55 90 88 41 48
25 38
14 21 32 5 22 7 19 15 88 55 59 72 21 64 54 15 33 66 37 80 93 73 59 73 53
18 39
78 78 95 31 32 63 16 21 76 49 18 37 7 8 86 31 3 32
75 40
75 68 32 72 91 85 63 26 62 28 8 9 32 15 43 67 81 10 48 68 57 39 82 75 80 45 84 81 5 42 40 31 66 58 38 47 23 72 88 29 1 4 98 52 46 56 69 31 76 87 21 15 12 58 37 79 49 20 10 97 24 10 83 18 9 20 58 57 90 36 26 2 28 74 75
59 41
65 96 100 89 49 28 33 98 81 86 48 90 88 40 82 46 75 21 45 77 5 91 81 42 59 85 98 36 67 26 85 14 74 79 3 46 26 37 67 60 36 63 75 46 90 79 15 32 100 34 65 5 30 75 90 6 27 48 74
8 42
94 88 32 18 53 15 93 42
26 43
15 84 51 7 71 77 50 54 91 15 81 76 89 30 38 89 41 68 82 35 65 27 39 8 87 29
54 44
79 99 30 32 54 68 74 64 3 10 86 80 49 95 51 78 36 62 46 81 86 74 95 95 81 17 83 75 25 5 3 61 88 82 11 36 15 20 76 73 86 31 46 84 27 24 7 89 6 36 39 19 64 27
59 45
3 26 81 59 19 41 70 54 48 21 69 35 27 31 85 60 42 54 73 82 15 39 24 18 90 69 50 1 2 62 75 29 81 96 88 72 40 25 17 13 79 32 81 22 23 67 73 91 76 22 79 69 50 85 4 27 61 72 9
57 46
43 92 25 11 49 80 8 100 91 60 67 41 5 22 95 7 70 25 21 83 21 54 43 100 85 16 93 81 50 88 8 11 1 96 32 29 72 41 50 50 97 88 14 98 14 13 53 89 96 51 70 75 51 76 89 94 62
28 47
61 58 52 70 38 29 74 57 29 54 23 65 12 51 23 1 93 52 11 86 63 63 45 39 96 5 40 48
70 48
15 19 44 51 78 78 29 78 32 52 79 81 52 54 52 77 72 33 12 1 45 44 43 9 26 83 24 30 1 63 17 91 95 25 47 93 22 69 96 41 53 55 17 22 86 51 91 96 35 62 73 24 95 54 95 100 10 72 95 36 16 10 36 62 76 100 16 82 76 48
87 49
8 28 1 22 58 27 82 72 50 19 71 74 91 63 12 64 66 78 21 27 20 22 57 57 3 40 95 4 74 46 32 88 26 97 1 76 5 18 50 34 20 24 20 7 82 45 9 5 53 22 12 25 88 96 7 93 42 66 12 51 8 4 55 37 94 10 59 35 93 22 42 2 65 92 28 51 95 88 22 37 10 7 14 29 99 29 45
66 50
95 47 41 73 92 2 24 35 13 70 22 62 24 59 41 64 45 91 23 81 100 10 26 16 33 48 89 10 63 24 38 28 81 12 18 70 60 63 67 94 65 5 60 27 75 7 27 27 35 100 3 47 43 92 50 29 15 28 56 98 89 66 32 2 60 78
81 51
9495 9731 875 3503 7486 8417 4528 8999 9000 4955 4442 7647 1090 3795 3556 6517 802 8551 3199 8561 8382 5289 106 4185 3027 5811 6827 541 378 2146 1775 7040 981 7987 1506 9344 4574 5279 2099 7750 2555 9893 6556 5634 5932 5688 4263 4580 2193 1550 8314 1629 3307 1025 9702 9760 3054 5387 6830 5446 3496 5484 6678 3162 444 1109 8496 9759 2861 2524 1231 6385 7785 5383 2267 4523 5656 137 7505 3880 7873
62 52
721 2370 7477 7073 4657 8306 4927 6151 5623 7480 6715 9963 7418 9971 7816 4703 7435 1877 355 6297 3033 6276 6430 8464 1713 2493 3514 5756 4768 7757 8480 7869 7200 2003 3670 340 6951 7219 128 1299 7290 6222 4405 2341 8807 3431 9726 9538 9252 1252 2296 6327 1743 8185 4885 8085 5155 6680 7308 2502 6749 7120
15 53
1433 3643 7555 1150 7308 5241 195 5902 9425 5971 104 1017 3523 5189 5808
79 54
8044 5492 4087 9203 7766 9097 2079 1172 5555 5598 958 5887 8200 2151 1737 4806 8753 4664 3606 2273 6668 456 8798 7727 3133 4299 9073 3449 6278 6801 5011 7032 7488 1947 1163 6152 5400 6983 9748 7053 3022 3083 5502 3462 4613 5289 373 3276 9477 2091 1116 891 28 260 6189 3737 3809 6325 6267 4973 1036 2943 604 7860 691 9191 6243 5097 2756 6755 9609 3230 9950 8752 2097 5785 4199 6115 2146
12 55
3142 2461 9519 9709 7050 2174 4599 7835 8016 8100 2010 7668
31 56
4996 7308 3999 8423 6863 8969 9818 5645 2933 7592 4250 3700 3116 9383 3614 7007 9104 9933 902 9150 6103 6496 1610 9213 6159 828 1884 6962 2065 2780 7204
29 57
3189 5200 7756 1266 2415 4091 6219 3456 6569 4891 3665 2987 8321 916 70 625 3369 4462 7278 6372 8569 9739 1861 9606 5444 6707 1073 9874 4529
72 58
5849 5379 1349 3476 9603 7547 7630 5868 9805 2801 1788 5515 9067 1299 1037 2204 9252 974 1691 2436 610 2693 7811 9286 7222 5446 4772 9931 8702 9838 9822 5919 6732 8632 3230 9555 7927 2958 4915 8319 8588 726 1793 4964 5304 6343 8153 6274 8462 1969 4015 7152 4331 1346 2889 7769 6131 9781 5577 2756 5730 9639 2454 3562 2321 7107 9465 2884 376 8669 7037 2984
74 59
8719 8557 472 8315 6417 5134 6780 8905 3111 464 3563 4434 1309 7272 4045 5963 7064 3460 884 2567 9844 9890 9536 6432 1333 7418 1009 3424 6456 6235 5959 4303 6093 2724 2469 346 7746 260 1889 2281 3088 5529 606 1051 3542 6577 1341 7476 718 8928 9424 8970 9631 2808 3096 2346 4813 8785 9683 8625 2941 58 9780 7637 2644 5818 9479 1612 2061 612 2262 1821 6585 5943
40 60
2215 1492 1661 2348 7176 580 133 6839 467 2157 1503 4434 6391 6600 21 5648 3441 4880 3751 4044 4250 2638 6158 4055 4715 983 6556 3512 4118 5392 1295 7808 7860 8344 8491 9591 5496 5503 1417 6205
82 61
343 1266 4764 3911 5811 1940 5783 3154 2252 1814 2971 614 6672 5835 1129 6074 2967 3267 6394 4354 6109 1535 1854 9732 7072 9618 1172 7907 1692 4918 6120 3825 2676 8066 6797 717 5341 9682 6983 8935 4620 5301 4561 324 6847 7457 6953 6732 2289 9358 4460 5319 8536 4344 4446 8188 2094 6229 4771 3500 1548 8597 7678 8882 853 3094 4223 2528 8275 3561 5715 6215 3623 5405 4585 8110 4671 8596 9892 1030 4878 1601
72 62
1680 2785 6483 2523 9235 3076 4317 5499 9330 7525 3610 4564 291 7622 4202 3473 4218 807 1412 7687 2738 9523 2848 6945 2781 3628 4167 2631 936 9290 5417 5127 6043 4235 4204 8241 2542 2708 8912 7440 7104 9995 1279 4224 8490 2536 3140 6224 6647 3679 7837 8466 8541 9782 9582 3096 3916 4875 6123 1089 9973 712 8661 6401 7645 3507 3149 9873 1336 5912 8251 2412
95 63
3015 3541 8288 1296 4463 9730 2690 9687 329 1844 1133 6608 5254 9038 8217 1424 1349 3924 3520 78 934 5105 8065 8543 7977 8965 4499 9223 7393 106 5072 4352 4405 5189 637 8836 6171 3448 9753 2818 9111 7980 5599 1162 5486 1497 3863 7218 360 1753 4994 4636 8292 4624 2254 4272 598 4624 1971 5514 8250 1315 5201 2707 7233 3249 8323 4332 928 9363 2417 3118 5533 2200 8593 8182 1251 8392 1398 4708 8505 6532 3718 3678 7755 1067 9214 3008 3368 9118 8744 557 8472 418 5525
106 64
1181 3668 5193 3245 276 4916 8423 4569 6200 1168 4460 1691 5961 6461 9252 1236 2459 1440 1195 8584 9627 9182 9612 6840 5695 9422 4381 3516 1871 5908 3951 7308 7987 1313 6706 8273 745 9781 2635 2182 2039 4875 4426 3645 7016 7234 9050 6114 4953 1329 228 5005 617 6674 3604 7906 370 5707 6710 5203 2562 8254 6801 1617 3258 7451 4690 6881 7983 6539 4500 1219 3804 3406 9909 6309 5035 5321 538 8290 3675 7455 71 9857 2186 7007 4755 9215 7915 5155 5146 256 4968 1333 4451 2560 2663 828 2604 4782 3223 3644 8680 4946 3569 8045
70 65
5456 8355 260 211 9350 1547 616 6791 8575 1797 9067 7381 8732 3122 8698 5098 7532 6962 5551 4225 5969 4024 6100 5382 7293 9829 2675 4034 4447 5098 5898 924 2791 8933 7407 6082 307 9382 1356 1880 2910 3180 7311 8031 6219 4222 8617 4004 8299 4238 3748 4085 6025 1773 4594 4053 8504 364 2355 8825 3161 4482 2811 9819 4091 7756 9790 6216 7240 8858
68 66
3343 918 2765 6314 1800 9244 7832 6783 1704 1004 9002 9932 7558 6610 2087 8888 362 4695 2031 3258 5996 3481 70 1624 5026 8898 8789 4275 9278 5394 7471 2698 9664 822 8279 2502 1478 838 4815 6374 9248 1937 3876 4965 5406 1535 825 5830 8480 4181 6237 4095 7622 1246 1347 921 3300 713 9490 9729 9941 8252 3519 1883 3185 1912 608 7388
30 67
8532 616 4853 7735 4120 8637 3897 6729 1010 5957 2824 8934 4471 6061 5210 5619 905 2514 3947 634 1815 6639 2912 1477 7146 3706 5393 3411 8995 8915
136 68
5624 7179 4990 9236 5700 4541 9274 5670 7283 2709 6449 347 1350 4524 2302 5419 1460 7269 7416 3251 8935 5911 122 1605 2110 2634 3397 5342 4436 3453 6722 9578 759 555 924 2653 1473 3327 1016 5775 6500 1897 9592 8327 6672 8117 1206 3257 9819 452 4783 5167 3218 6788 4544 7583 2262 7207 2815 3719 4083 9286 3575 3908 3105 9821 6012 7829 3249 9970 9476 3045 6525 5501 3638 9868 6258 5424 7949 9965 9625 9335 5213 1167 661 8189 9392 3079 8204 2864 3466 6242 4713 2707 6308 5784 4547 2123 2335 9438 7643 3906 1020 9646 7395 6451 3919 437 2924 2086 5686 8115 33 2410 3837 7621 5018 3979 5418 7922 2948 6693 5521 2599 1898 3926 3662 335 9169 3070 2395 5153 3624 3490 4766 1888
100 69
4364 7172 1213 8431 2105 8597 5235 1868 3191 9515 2504 2898 3590 6999 9303 8825 8322 1123 671 4946 9175 4434 9532 8189 8821 8245 6139 9271 186 4244 8099 6591 6678 9087 7494 2017 10 592 817 9979 5207 697 1402 6229 5491 5738 2477 5055 4149 298 2280 5024 6172 1175 4827 4415 3209 2369 5776 5874 2509 3242 750 7532 1085 2972 2570 1030 988 3275 6399 6526 4247 930 5120 2136 6822 5311 3764 5573 90 6330 1635 7732 1446 2928 3725 8045 4471 1800 9201 2756 3756 1360 1089 7617 3626 7038 5030 3566
78 70
9959 4874 6098 523 1339 7202 9121 7368 5666 7415 7736 8061 3047 1331 303 2059 3949 3742 4460 4257 937 9010 3565 8130 825 4468 1089 1163 651 1207 8458 7825 7807 8125 1218 9809 454 7151 2415 2213 1817 7353 7937 2974 7253 7693 2401 4886 2169 4092 2876 9752 9646 8331 5461 2931 5753 9510 5937 5553 939 3173 4687 6028 172 7787 5380 5399 5634 4564 6112 4441 8235 8439 6460 1174 2120 4378
114 71
5092 7901 9060 7113 4193 2878 112 1706 8763 2588 7048 8780 6930 9943 9638 3419 8994 8573 3749 5640 5535 378 1698 8501 5480 5641 3036 2795 7922 652 9358 2585 3167 9841 1120 6977 6010 3984 3451 486 4174 1743 8404 2299 6422 1064 6355 1425 6520 5343 4130 4003 7678 1939 6135 3060 2651 2273 9027 9777 4945 4909 8738 7963 3178 7820 5614 2058 8913 3062 434 987 1224 5913 101 2331 4598 4357 8525 1646 3179 6665 1669 3386 7354 2727 1806 4390 7331 77 6629 1991 2570 9075 9620 7552 9041 7687 6262 6145 7153 3374 8621 7868 4091 3803 6491 6273 8243 9862 2121 338 9458 4042
141 72
4559 982 9340 6855 4148 7452 3949 4363 5581 979 9543 8857 4793 1439 9640 9758 8165 1174 4781 9294 2801 951 1471 6328 9969 5436 6098 5877 9874 3735 6571 6269 1206 3325 8309 2133 5082 7396 9671 3921 6604 1371 9050 3673 7084 5756 1509 3913 14 4972 7632 6035 6610 7126 1854 9864 9181 1290 9005 6502 4856 1498 6661 2974 2296 832 1365 9547 7748 9528 787 6980 2912 7625 6960 7954 3516 7766 8564 6105 8554 3341 2596 648 2300 1901 4833 1243 1673 4821 1471 8066 7100 8602 5676 5100 3527 9438 462 1762 734 1197 6128 1383 5384 1160 9984 3493 9058 1557 1026 2212 8910 2606 6930 2322 6282 7568 6228 187 8338 2448 2858 3644 2074 663 3330 4949 3940 2508 9865 7240 9712 9516 6051 4202 490 4147 7688 831 3800
85 73
6338 6489 3008 5276 3930 2231 346 5003 3286 2547 3091 3483 6508 4200 3555 6954 4924 5300 2090 8374 6828 5942 8861 29 7583 8724 2037 8478 102 5650 4824 6980 2267 8414 1923 7960 9824 4554 9886 1595 8730 6811 6643 2786 9248 2482 1382 4315 660 178 3696 6012 7004 215 5204 2388 7056 6975 6176 6817 7064 6526 3509 970 6271 7838 8042 1878 8908 8720 8254 5302 9352 8803 5869 2411 1675 5741 2729 2280 2325 5644 4616 1082 4456
46 74
6831 7819 2956 5670 4613 9353 2208 3211 8831 3863 3242 9063 8845 6520 6007 4177 8315 1672 2688 2261 8918 4590 184 949 7237 1009 8643 5555 7642 860 1755 3470 1158 9409 1713 1841 5492 1776 9765 4710 9982 8346 5966 2105 1423 1937
53 75
8144 1691 4397 6748 9273 751 1223 6965 4387 6734 6952 5820 8570 5408 5387 6264 2828 8461 8730 4912 3495 1750 1717 8119 1382 957 467 5485 6132 1576 5688 2514 4008 9531 6201 618 3673 186 6140 6061 896 517 9214 5463 6707 2174 7708 4443 8627 7589 7420 2334 4929
19 76
8057 923 3039 4862 3130 2375 4910 7549 239 3033 1880 9324 5833 1912 7982 8585 9226 109 4514
69 77
7289 9586 3519 6096 7917 5540 6878 744 6458 4011 486 999 4630 7962 2461 2941 1172 9857 1445 9500 4900 3826 5807 6187 4576 5402 3230 1868 7643 9227 2937 6149 8374 8319 3804 7703 8154 1444 7425 8407 8424 5091 6567 662 8822 1847 1355 6668 9099 4713 1287 8515 2612 540 6034 5782 7457 3364 5804 3839 539 4983 9109 470 8441 7117 8468 6555 6907
119 78
9185 5541 2787 8220 182 943 5910 2512 9478 1212 8365 7161 236 6088 5113 5057 7458 3498 4515 2464 9422 4347 2782 5322 9684 8245 2906 8680 4315 1194 7888 5662 255 9630 351 956 3948 6563 9227 7724 4131 3438 644 1900 9807 773 6829 2761 2511 6720 4612 4128 8339 7538 1264 9575 8776 8734 6189 7449 5021 6241 9678 1740 2673 5689 9647 6009 2989 2801 2574 1685 6233 5484 3754 9322 5891 4290 4669 8902 1405 1222 9232 543 557 717 3417 5148 2500 7541 53 109 8822 480 1052 4503 170 1229 864 6751 4003 9287 39 464 9316 6891 3735 1068 5856 4286 1222 8475 9827 8658 9223 7664 4417 6272 9305
52 79
1021 3557 4825 286 5556 173 4008 9679 9604 83 8488 9920 5152 3670 8360 6086 1264 3360 5808 2714 8829 1083 4045 8828 9295 5587 6598 8374 539 1131 3262 7551 3058 8414 8388 8134 6060 4352 6520 8499 2938 6199 5885 5463 3484 3353 8976 3847 6669 78 2449 1139
44 80
5775 4308 580 8914 3641 7784 1426 8195 8706 5213 9235 4192 6678 4433 6692 3241 886 3230 671 4986 8769 431 9462 1044 7754 1410 3105 3769 943 2611 1144 9878 3335 1374 5216 7362 9107 8119 8405 9024 53 2367 8009 6834
109 81
153 5794 7431 5746 186 6628 8421 2963 4692 1733 6579 1567 2106 4439 511 7881 1100 3502 1652 2326 4253 4811 3391 2756 7688 4913 9861 3981 4866 1335 204 281 6591 8830 4854 5476 8676 7728 9735 9994 6629 6823 2186 2261 5233 3966 8916 6991 4597 2206 8892 9481 4440 7221 5824 5923 9935 3109 3335 2939 5905 8727 1384 9659 445 4026 9466 8387 3672 8213 4016 2386 9991 9358 6807 9891 2383 8683 6941 6785 8312 8214 547 6523 8265 5669 4657 4934 2877 3746 1160 9326 4389 958 9179 735 6632 6084 3657 4795 6158 4124 1865 7067 9456 7584 4327 2793 2130
95 82
3352 8059 664 8357 2116 7053 1492 4228 9043 7728 7804 9457 2731 5213 1514 5845 8730 1601 1049 170 859 6873 811 8438 7239 6783 4068 9892 3171 7339 8328 5517 8171 7979 478 4333 4818 7548 9764 2945 6521 2964 6915 1140 6422 7833 8650 4688 5911 5061 9756 1128 1232 4472 3361 1646 5069 4978 1684 9969 2625 3954 3899 6981 7082 4081 9660 6670 3109 2180 2369 4950 5948 8306 4046 8096 6476 4230 8150 3999 4799 4529 6613 4005 5271 7796 3595 3429 382 3770 6643 8104 4104 2535 3295
64 83
2209 8841 7996 9819 4250 5356 6008 4382 3436 8358 2252 2464 5183 4865 8995 5892 655 9565 6759 7628 9385 898 2494 4605 3512 3751 1547 1927 25 4631 4372 3609 5385 7889 3711 7274 2294 7267 6144 8501 7663 202 4767 9966 4591 1899 6943 1492 3226 3627 2327 5281 9932 9674 9497 3842 6759 8180 2406 4891 6005 5308 354 1203
50 84
2374 3601 7687 4906 8754 4296 481 1222 10 9278 6984 866 474 326 1353 1168 9485 7527 579 6139 9465 6088 772 5378 347 6753 6088 3559 5928 9630 7584 3469 9941 8851 8982 97 4241 1720 3867 6335 5343 3641 6940 9617 9162 4894 7101 2273 674 7458
18 85
4253 5567 114 5448 5859 6202 5642 6295 8444 1221 3376 9939 6508 6100 7472 3926 3004 5161
132 86
3077 4659 6295 3862 1290 6930 3764 6241 4066 1941 784 2798 6893 2049 7470 886 3234 9062 2192 1869 3793 3330 4747 8155 5632 7093 1077 2564 619 5170 6910 3237 1678 3675 1076 4401 3051 2372 7889 4646 6145 6850 7447 3203 2157 4490 7071 9448 1374 3713 1297 4927 311 605 5494 2557 6076 427 9996 5573 991 1987 5538 2773 501 9958 4519 4920 5073 2532 8557 5269 6908 2536 7953 7204 2940 2258 7483 6349 8103 9778 6850 7920 4159 5486 1747 725 1637 5199 1270 8472 865 5495 2640 8813 3239 6589 6233 6676 6977 9705 3494 8558 8841 3042 419 9249 8108 2765 6101 3291 1067 3519 2772 6081 2742 3574 159 6773 5076 6086 3534 3042 2764 5422 3901 4419 8653 8849 3728 2218
143 87
8388 5315 8585 9691 655 6747 6154 958 1396 7674 2931 96 8013 8662 3393 4595 8756 1014 2484 7254 4880 4355 8725 5840 9077 6739 4577 9725 9203 4419 6461 1155 2566 7525 4550 4102 7817 3663 3700 1319 3964 2550 5159 6418 2531 6744 433 6242 575 4078 1785 6842 6061 8148 1070 4678 9262 4254 5337 1866 762 6126 971 2413 2716 978 2583 7079 209 648 1023 4052 1850 2664 4983 8332 5148 5760 8235 38 1319 9029 3441 61 3546 7802 5447 3705 4281 1809 4770 5720 6397 6230 1261 7688 4562 7526 4969 6002 5696 9155 5889 9167 9394 1549 9105 2479 4443 5516 405 2945 2590 9114 142 7584 4251 9885 3375 1267 9709 7056 6428 3125 7865 5446 9595 7497 3026 2348 3759 5037 3395 433 9193 748 5493 2592 9869 3140 8293 6191 9793
144 88
3628 4869 5569 1105 1066 3833 8834 4307 1131 7830 8329 1750 2493 1844 432 8906 4289 8013 1732 7569 2428 344 4855 4840 8872 2933 466 9546 23 3444 2530 5807 9212 1272 5940 4515 7663 7974 2628 2738 5472 4471 3177 8327 2295 4856 7011 9346 1006 890 3595 9959 1940 4710 5652 3493 2014 4121 4288 4076 4895 7281 7246 2462 6061 3370 312 3396 1278 6123 6902 9068 7008 9398 3571 4156 4770 6189 8259 8184 1210 464 6595 1509 4142 699 2628 8038 2076 4062 3218 8328 8159 2062 6944 2194 2185 2694 2079 2421 1846 1298 5997 6227 9055 9901 493 2488 3088 5901 6129 6067 589 1853 6783 6017 2630 4790 3149 494 7287 5649 9625 7810 8059 4725 9280 1438 2012 7763 558 1094 1262 7713 8221 8450 378 6429 2291 5890 2128 9543 8671 2274
160 89
9522 1675 8206 3386 1330 7653 1562 3422 6149 8940 7775 7655 8427 1872 8480 8152 4011 4701 417 6424 3668 4871 9580 7196 9207 4018 9907 9982 9545 1709 9860 9392 2725 6209 1404 6417 5978 824 3509 8380 3319 5240 4735 3021 7561 4775 2392 3693 4874 7905 2918 2482 1761 5609 7765 3482 3088 6700 1082 3034 7714 3978 295 5125 6304 3405 9734 1764 8093 7264 6027 5373 9592 8605 4614 2225 2867 8584 4725 2107 7976 5580 5775 4419 983 9096 9858 6720 9307 7761 6082 2841 3455 9214 1338 1042 8664 912 5532 6639 6184 7045 4994 7874 4945 8662 7529 7513 1796 3167 6963 9221 3763 1766 2694 4985 3056 4015 1298 5460 8295 8165 167 8970 8813 3539 9983 7514 4011 9236 2100 3009 716 8972 6088 9055 4092 8281 7110 2664 1980 2636 8965 4069 30 3626 57 6744 6622 4872 3973 8018 4711 535 6979 5369 2068 5326 2514 2576
107 90
7682 9752 9167 5252 9985 8093 2552 7351 596 7203 5152 3716 5693 310 412 6850 8500 4161 1035 670 8614 7755 6795 6445 356 4490 9864 4356 3585 6069 9412 7181 8092 1967 8031 1499 5662 4862 9139 5826 6107 1065 7236 3671 2659 7491 8619 6022 5274 386 9503 3500 7182 8913 6245 7526 956 4440 3609 9372 2000 9916 5595 4781 3997 2841 6885 6481 5824 6800 6114 5485 7355 6205 3343 1642 2456 6914 3044 5233 751 295 8550 1415 9082 2704 1162 1181 4742 3184 6966 4098 2326 9654 9772 2197 4839 163 6986 3111 6245 530 5662 1082 7503 8057 7229
139 91
7742 7820 402 6764 9316 5416 8389 9849 637 9595 4031 4872 9960 1477 8287 792 9748 2046 471 4002 5332 4926 8520 9066 9803 346 7540 9123 9323 335 3430 4599 7250 360 875 9758 3088 1224 858 8457 1145 3985 6047 3545 2690 8102 7236 5620 995 930 8984 6487 2851 8791 1296 7569 7467 5547 7022 3924 7053 9805 6190 4454 7120 2715 3422 3737 5537 7830 2447 818 2384 367 9964 8507 6203 4833 3549 2699 1976 5948 3445 1450 6243 5436 7765 5545 6598 7728 6349 4590 6512 8226 1465 7668 1249 3402 6620 3083 8432 4720 6288 600 207 8304 1124 8698 3250 2804 5365 5387 9965 5213 9901 7508 3946 9326 7954 5279 9188 5260 4683 9899 7152 108 1286 7042 5771 5752 8185 4439 6977 9418 1690 6111 4729 8297 3412
171 92
8814 2517 3943 8754 3651 2287 1555 7411 4149 687 5351 5816 671 6833 6912 2317 1074 4669 6935 8103 9092 9296 3633 695 189 9345 8292 6036 6909 7906 5772 7693 3492 2711 5577 1172 7433 9198 4322 7178 2654 7341 9412 9873 478 875 2827 2408 5227 4459 9420 9850 5949 1697 5563 6638 5098 6703 9533 4429 3591 1845 6374 6995 4001 6586 7009 3334 1309 9289 3798 1867 1568 6178 5614 4705 1105 951 8603 7398 5681 2355 8876 5409 7846 1709 1954 8904 4782 7246 7875 8976 527 1960 6817 6562 6864 8421 6452 9518 8295 3491 3639 4197 4185 1583 296 7236 4641 698 8886 8325 2897 3911 114 8177 2448 9863 678 3156 348 2316 4693 3406 9559 269 2782 3301 3077 7126 7475 6339 8262 5294 5307 2803 3902 9722 7207 178 9356 7037 321 4677 9564 4233 6156 1452 6198 9082 9391 4594 4156 7630 2467 2956 9032 3031 1042 7442 4331 9858 8370 7153 9635 9408 7277 3992 1203 7577 3913
51 93
2142 8475 667 278 475 9510 5778 6090 8852 9695 2623 2297 9791 7098 4399 1180 2204 1072 7464 8783 6550 4281 9446 45 3195 4159 4601 703 5415 3788 5827 2980 6244 8559 6818 9317 4068 1133 6041 643 1876 2545 4729 1900 7549 9934 2635 1530 5227 1640 8087
44 94
9279 613 7845 7782 3896 9062 3925 3607 469 7502 8237 49 2795 1047 4434 425 8175 7229 6271 7733 4466 6359 9400 6528 9270 8518 1815 1394 4591 6056 5018 1882 5999 9332 9154 8099 7065 8135 6798 2345 9207 4789 7389 9883
128 95
4023 177 4074 755 9228 5367 6602 1794 1259 9859 1315 8779 9597 9843 5698 6865 1513 1000 1072 8862 2543 1220 900 3376 309 4362 4086 1406 4114 5077 5914 8452 5050 3507 1103 4913 4984 7127 5701 8907 9479 7748 7667 6799 3872 337 2234 2769 1423 7116 7588 408 8355 9138 5541 2639 9559 3534 2761 2448 7215 201 2054 3746 6396 1807 9243 9109 2110 2807 7505 2842 197 6431 9257 9041 7348 8237 5137 9598 4842 1944 5352 6302 9272 5550 7951 8359 3333 628 5741 3503 7992 2802 7873 4122 9218 5082 5574 3676 5464 6068 856 6678 1324 779 1881 9210 7193 5971 2984 477 9604 9346 5504 5333 1743 4605 7737 2113 1782 6051 8298 7756 1277 8318 7944 7902
62 96
768 5054 6794 4087 9148 5277 3067 3720 5536 6321 4198 4995 9515 7156 57 3503 3750 3332 90 2010 5582 5592 5899 9175 4684 506 9422 9112 1791 5531 3477 8362 5944 6235 7694 4352 9026 1472 4341 2994 4887 5728 6181 7776 5489 8911 6275 5760 4616 9082 9954 8672 8916 2543 9720 8677 7441 7553 5549 8240 269 8714
111 97
5311 6389 5486 4784 7185 2402 8687 4631 2915 5681 7532 7974 7646 4699 7375 1120 7597 6095 1612 1511 4105 796 9687 3715 3256 5434 9566 5907 3835 5038 9967 3004 9804 5364 3300 8167 6750 5485 5147 7678 4170 1841 692 3004 1704 6920 6478 4101 6522 4334 3215 6259 6215 9538 6655 783 661 357 92 7298 2381 3990 7712 8138 836 1655 2224 2629 6054 3444 5562 4934 5310 501 8939 2781 6276 4132 2419 6001 7875 5058 7771 8941 9846 3890 1136 9054 8060 8368 157 1934 2993 8019 5489 860 1958 2871 3762 8018 4216 5936 3857 991 4500 5689 2975 7138 4318 6451 8492
36 98
921 4700 9693 4507 6966 9332 453 7608 2671 6966 4500 147 8221 9440 9914 9835 7485 7745 8899 6910 8746 5552 2196 673 590 3212 9860 6762 6269 3581 3160 3963 8804 6090 8406 8960
82 99
8358 9161 9977 4117 9914 2296 9358 8673 928 6023 7449 4968 3686 4000 7187 3665 3192 1866 8740 2656 6952 5246 8288 7516 6663 4980 9728 191 1653 1441 360 1030 922 2914 5563 6347 6137 8826 5986 8479 8200 62 8298 8978 8380 6487 3906 4535 9719 426 571 1124 6620 785 5691 4695 9303 3390 5707 8275 445 5043 2519 3148 6956 413 499 7204 3501 3135 1864 2999 6251 5273 1960 7286 2543 7696 9498 8477 5280 7648
91 100
1136 8019 1428 4223 9155 3345 494 4980 1806 5014 2183 1018 2935 6929 92 5229 6858 7213 4719 4321 9797 1262 5149 2749 9269 4430 9163 9533 2475 7343 4905 5158 7669 4260 6460 3603 4680 9707 7647 1837 8831 9642 8399 7706 543 2366 6843 6149 8869 1789 2527 7407 1317 8030 5983 2496 6805 7595 7922 389 6969 6513 7565 9221 4547 3624 8548 968 2995 205 1832 3720 2348 1481 4836 3504 2128 9338 3050 1276 513 5847 6789 7429 5655 3410 9289 4294 3480 5397 147
3 3
4 3 3
1 24
5
10 5
1 4 2 3 4 5 6 5 4 2
20 20
10 20 30 40 50 60 70 80 90 100 110 120 130 140 150 160 170 180 190 200
15 100
100 200 300 400 500 600 700 800 900 1000 1100 1200 1300 1400 1500
30 150
300 600 900 1200 1500 1800 2100 2400 2700 3000 3300 3600 3900 4200 4500 4800 5100 5400 5700 6000 6300 6600 6900 7200 7500 7800 8100 8400 8700 9000
30 9
1 2 3 4 5 6 7 8 9 10 11 12 13 14 15 16 17 18 19 20 21 22 23 24 25 26 27 28 29 30
40 50
11 12 13 14 15 16 17 18 19 20 21 22 23 24 25 26 27 28 29 30 31 32 33 34 35 36 37 38 39 40 41 42 43 44 45 46 47 48 49 50
