6
12
36
47
43
14
36
48
26
34
23
48
30
41
41
24
21
42
20
28
9
6
12
43
19
23
42
41
22
3
13
39
4
3
10
43
12
21
19
9
23
10
18
38
37
37
16
16
35
20
55
9
12
40
39
17
43
49
13
11
11
26
42
22
3
13
29
53
41
42
34
48
28
3
52
38
49
30
41
34
18
28
13
23
38
27
20
24
33
48
32
31
22
21
46
24
44
18
19
45
17
25
29
26
1
48
32
43
43
36
41
23
37
45
51
37
38
12
33
24
48
24
32
6
17
28
41
36
