227.088
47434.807
3.063
462.002
3728.882
7.778
6.847
42.486
149.082
8.000
1582456.057
1105.673
2282.564
1747.633
2408865.921
24.297
6730.711
2.851
1021.772
68.732
551.478
12.492
9161.057
2.670
2973.257
1.670
696.443
1787956.508
190.473
2331.790
7421.048
60.981
21.692
273421.166
5.979
2653.085
52.813
67108864.000
2.528
6252305.112
2.767
4.058
15255.792
2021298.869
4.156
8192.000
58441.427
1607.166
735225.239
32.089
788.570
220.388
187699.904
156908.041
16.660
255557.572
338248.659
7737.645
398669.813
22.412
449.488
4979.974
414.698
450.360
357.726
22.867
1.287
1.709
5744846.801
1554.765
7.366
1109.960
1464.937
34.507
1708547.398
1.883
213.777
48.982
11.128
3.927
7.415
3.468
1.305
5867.528
1.301
502386939.855
257780.506
34.520
105.396
276.314
9.161
1.890
4.504
16424.816
6.328
3.584
1714.570
5.002
4.411
24.761
