29 0.20
16 0.96
12 0.03
14 0.55
28 0.34
4 0.67
8 0.26
17 0.24
17 0.34
3 1.00
25 0.77
30 0.26
27 0.33
30 0.28
25 0.80
8 0.49
13 0.97
4 0.28
27 0.29
7 0.83
30 0.23
4 0.88
18 0.66
10 0.02
13 0.85
1 0.67
28 0.26
23 0.87
17 0.36
14 0.74
14 0.89
25 0.17
6 0.67
20 0.87
7 0.28
17 0.59
21 0.20
26 1.00
2 0.59
25 0.87
10 0.03
13 0.07
25 0.47
23 0.88
11 0.10
13 1.00
18 0.84
12 0.85
28 0.62
9 0.47
19 0.42
16 0.40
29 0.52
30 0.49
8 0.42
28 0.56
20 0.89
16 0.75
29 0.56
17 0.19
27 0.25
17 0.65
20 0.35
13 0.60
29 0.22
5 0.87
1 0.13
2 0.26
30 0.68
13 0.76
17 0.10
16 0.55
11 0.94
12 0.34
22 0.92
3 0.16
10 0.71
16 0.27
9 0.30
16 0.04
3 0.95
7 0.16
1 0.18
16 0.72
1 0.17
30 0.95
21 0.81
15 0.26
8 0.79
24 0.26
15 0.14
1 0.89
7 0.22
15 0.91
27 0.04
13 0.05
12 0.86
16 0.07
3 0.64
5 0.90
0 0
