3
500
44 24 25699
212 150 15133
245 380 2755
375 286 4991
172 412 810
380 115 16340
498 157 26832
427 356 15299
456 56 21941
481 336 687
377 293 13642
196 466 26054
91 207 10607
455 476 12268
323 169 25783
375 353 18280
224 162 3614
46 389 19291
203 148 453
396 483 32611
340 101 24396
471 100 16896
368 192 8662
10 393 23181
176 410 18162
305 269 12782
496 194 8394
193 273 5452
420 487 9579
150 329 1122
84 335 12300
374 140 21849
71 388 2711
402 59 13854
212 110 1247
438 42 22456
492 308 11341
195 325 27144
492 169 12777
468 274 3830
397 214 1542
102 127 8707
39 324 30720
63 340 11685
130 343 3527
6 468 14860
396 400 6707
372 384 22805
448 294 10831
438 84 407
230 159 283
207 237 83
423 481 22145
468 293 3882
493 103 14691
484 230 4967
353 251 7699
7 102 10811
234 380 6550
52 356 5832
117 461 24440
437 200 26439
474 282 6951
254 97 20259
75 409 32522
470 222 21043
22 76 12997
280 399 333
52 216 30587
488 459 17126
329 450 13280
465 320 645
129 383 29565
380 211 14374
452 285 2935
496 409 5358
159 197 23727
211 44 21683
406 68 24099
120 29 19531
278 59 3019
372 249 23201
174 441 21864
342 60 30459
318 337 1549
338 287 16634
441 169 10298
105 60 18232
442 299 29670
314 482 16276
263 128 10958
257 234 14475
48 210 15585
83 250 27951
10 257 29090
114 460 28051
316 384 29908
252 207 19410
81 105 21455
329 346 502
92 117 1611
229 230 24422
214 430 22669
204 99 3238
471 144 17969
365 274 10899
262 234 23558
130 38 20057
302 438 23743
468 126 11737
357 360 30559
94 21 18498
400 130 12202
389 36 17650
306 254 30724
256 465 14100
73 101 14727
101 61 32360
92 484 29235
460 86 11832
341 395 31361
96 370 18801
286 205 15051
14 216 20300
492 165 28222
344 19 5650
22 340 21589
307 214 23007
213 361 13070
29 54 17267
296 389 6995
230 490 3947
468 91 20053
256 82 30847
238 139 15816
145 182 10131
173 329 14906
215 353 17087
427 452 18951
86 210 20637
262 298 10384
427 335 6008
141 444 24767
24 131 30770
467 394 9988
167 212 4866
403 383 22087
318 386 22612
84 234 4232
337 489 4715
215 90 20262
6 284 1183
379 326 30718
135 38 843
171 439 9189
90 461 29635
311 163 30760
268 170 1513
465 483 6168
248 346 16705
384 371 5327
147 418 15759
276 303 12458
379 60 9060
312 49 6450
391 83 27434
345 323 13672
473 413 20867
177 181 8113
260 223 11813
103 12 10704
431 262 22133
253 412 11961
498 219 1926
39 92 18715
46 99 2899
23 224 5874
63 55 31560
475 366 20872
112 346 13940
219 100 32422
114 369 27643
197 362 10986
30 134 2725
348 97 18036
313 373 3226
130 414 13428
391 249 680
371 32 13110
159 369 1196
140 10 17859
490 384 21744
335 90 2351
167 500 8862
400 53 12076
83 135 31642
300 468 1145
216 33 14430
136 61 17734
312 141 3245
321 465 23213
10 10 32315
412 44 17339
450 417 24214
101 177 12754
147 486 6139
182 448 4938
325 169 13533
344 172 14475
306 419 6205
4 305 16160
205 18 28972
461 358 19324
60 198 7697
46 351 9560
385 317 1154
163 428 21500
460 469 26837
272 238 11983
310 212 7347
389 39 19457
113 170 32338
9 457 6701
380 21 18979
39 216 4935
290 45 16151
52 98 9776
367 183 6595
419 460 450
101 88 1300
258 109 10043
45 181 24395
403 357 25414
76 380 10361
288 402 21534
374 251 11193
411 88 18548
332 39 1744
287 368 22054
429 54 11273
97 41 22759
298 205 26713
206 250 26727
345 396 27701
340 232 4767
291 400 24485
391 55 4680
291 284 14959
242 218 8877
7 32 32629
12 79 18768
418 139 9885
125 212 17183
214 58 724
383 196 1583
367 255 23060
396 355 18990
86 107 17266
316 422 6416
238 24 17305
238 431 22182
212 403 6723
15 130 18716
425 353 21396
384 16 17812
245 82 1624
95 228 2897
188 460 17558
63 278 23862
300 480 13821
493 312 23685
185 237 11277
379 48 22815
317 357 19987
103 119 2741
33 359 20293
426 84 17321
483 291 2990
174 269 31122
31 223 30882
355 388 18591
330 83 7153
235 57 11853
76 133 18716
347 180 27947
339 212 17961
159 275 11937
230 289 16890
234 135 22780
37 286 17449
317 34 32546
385 99 722
101 124 7356
432 295 25828
368 430 19652
303 213 30656
187 318 8624
447 104 21840
235 460 3502
288 361 29669
17 406 11952
322 67 11129
24 380 9536
290 170 29731
250 160 11850
277 166 4067
153 46 22369
181 407 1558
336 68 8753
33 151 8485
302 37 5902
489 59 3925
275 269 28651
177 418 28098
292 120 31775
19 223 28905
207 207 29370
422 242 8266
387 150 27739
350 92 17165
40 97 32458
262 264 14769
378 464 17343
248 467 9512
164 145 16796
241 8 30191
55 184 2058
328 54 24071
130 88 11186
17 318 14040
314 20 29579
53 389 18527
44 1 20347
428 221 4413
224 116 25391
75 310 18305
394 25 24960
40 166 22594
316 193 29637
220 429 16479
33 476 17871
431 223 17153
224 239 23187
383 451 21182
398 410 22184
436 144 2144
343 240 17694
236 251 20156
364 316 20582
120 414 3375
473 149 19509
171 106 8837
500 264 3759
92 495 133
96 37 17983
214 308 15441
127 167 1758
71 446 603
11 244 1221
16 171 7329
455 98 11184
163 68 12393
440 394 18754
80 100 5306
230 155 9774
169 325 13632
326 169 32041
365 348 28001
495 277 4058
69 235 13736
286 243 31031
227 395 29143
223 361 6684
123 108 14395
282 163 26618
258 99 6935
84 343 20206
403 415 25410
444 109 4002
431 219 22350
23 168 22214
382 193 11471
209 277 3846
151 224 841
112 161 18747
312 302 22564
34 84 7653
188 37 18960
40 414 21207
378 249 17138
207 482 16364
411 371 17370
197 1 30348
131 491 28088
382 144 10134
92 433 17558
2 425 18424
428 145 29128
92 387 24247
38 93 25493
247 236 8797
297 33 26939
469 298 17667
49 456 24677
240 111 21869
96 167 17772
416 497 16635
60 120 2546
86 50 5460
9 496 3515
19 487 29210
238 237 986
367 178 31238
187 201 639
165 154 20544
106 21 1551
456 312 6602
104 64 24652
492 445 25693
102 451 29363
403 54 2823
433 175 16230
158 102 1634
16 478 24111
114 323 22861
85 49 19332
246 274 19556
304 94 26005
229 28 14758
190 117 20424
263 434 5906
464 227 28471
412 89 2590
412 492 21246
293 440 26456
366 97 12679
17 193 26768
317 459 16405
147 77 26964
150 419 7217
311 453 27826
189 330 22234
188 40 24696
480 63 32631
412 274 20835
371 251 24827
150 400 24832
493 90 3531
191 261 6451
179 186 26426
48 298 663
140 469 5042
349 495 31283
246 8 25328
227 193 30788
171 72 471
288 293 7422
383 465 10181
22 445 14745
73 428 9582
465 102 31496
492 103 429
477 130 10527
47 62 10955
127 47 26661
13 336 17189
275 145 25595
139 54 17986
305 383 4956
107 359 16303
352 313 9957
364 162 8000
489 364 2796
296 282 28299
455 176 29770
412 144 22954
189 420 3999
85 439 12726
303 283 26559
93 329 22901
33 168 17230
305 477 32039
55 90 25257
433 307 7302
149 69 32436
436 160 23112
414 331 32298
161 144 18123
84 484 23159
290 328 947
352 82 28238
173 233 15514
149 331 14196
121 242 5422
310 198 17014
115 226 26441
286 440 21065
169 8 3047
117 390 12035
319 11 13
1000
57 643 18145
758 606 19874
742 792 128
433 556 31196
47 609 3745
409 430 23493
365 657 29858
27 871 18700
68 697 25463
436 945 10737
488 646 2302
405 124 26783
964 91 16462
916 474 12433
203 359 3253
679 104 31478
432 330 20771
132 200 1627
139 693 13358
60 817 1798
588 522 9469
322 832 27323
826 813 4019
816 265 17898
1 752 4143
981 672 14715
833 938 26698
21 523 10155
995 862 15053
869 492 13239
365 402 7893
558 140 6990
678 422 5995
35 764 18944
189 510 26988
900 876 26143
716 896 15901
379 253 21454
987 195 2810
73 397 5692
355 158 26538
750 615 24619
826 93 24854
379 555 23651
181 343 1298
747 472 2973
695 238 25635
595 302 22784
104 106 12098
720 120 1876
283 395 30123
86 108 10353
32 222 27414
157 61 15764
295 944 6391
379 986 15004
465 726 32143
970 279 16228
49 300 29170
333 508 16819
690 929 19541
297 582 26487
783 342 9790
378 283 17477
974 730 1646
501 347 24153
59 601 31895
724 335 7816
861 181 4416
533 357 27614
502 822 22120
783 566 32485
571 107 30148
851 374 16839
367 208 24491
780 756 10692
64 511 18956
553 909 11190
326 877 4357
804 468 4249
552 17 21239
902 613 20564
4 139 24609
345 198 2095
860 866 23090
732 190 28608
102 736 14925
561 73 10803
632 472 29809
717 419 19257
754 918 9554
259 291 11779
198 836 13295
966 132 8719
329 605 8855
214 670 17592
164 425 803
852 612 28614
358 227 12408
263 126 17520
450 367 9155
158 686 22412
630 721 1508
196 137 12001
623 873 3581
915 644 26845
113 495 25653
398 462 24346
172 490 11252
852 265 10611
248 18 6995
763 42 27291
409 902 11641
68 8 4211
247 44 7179
563 407 408
495 224 28682
606 884 24278
477 68 13484
42 525 23176
206 223 14095
711 433 276
803 799 21475
808 582 29940
456 958 12371
518 955 26135
121 783 28120
853 133 16254
62 403 192
944 495 30558
663 90 24456
383 695 27952
434 15 21854
856 15 7792
115 773 27749
704 46 1542
477 822 13454
509 458 899
543 697 12843
763 129 32445
514 65 2946
710 155 29037
709 102 12036
279 408 25564
442 642 13312
307 848 2762
61 703 13791
743 311 25603
882 111 28247
885 334 15470
910 54 27917
159 216 17780
722 178 2976
368 884 6413
923 960 13084
27 887 4830
544 951 17465
439 398 2600
465 163 1528
892 840 2929
853 991 30334
864 915 570
263 511 18495
988 516 8734
677 731 18890
1 257 7202
957 482 227
515 868 6189
237 756 29101
363 671 21459
704 640 28934
138 309 32516
313 371 3438
268 259 17466
909 265 7185
280 590 11574
948 84 24515
867 894 5744
900 556 7702
618 278 29386
876 463 23247
751 565 3616
448 660 27751
63 657 6348
317 273 15452
32 82 24378
788 266 23670
164 732 30745
61 663 13913
530 706 14552
760 963 3311
357 135 13159
480 21 24470
326 704 12656
549 282 3348
876 83 24722
29 549 26813
50 83 59
412 584 24151
262 357 11566
304 979 20884
435 516 12260
590 458 11325
524 506 19016
242 664 6768
681 90 13941
608 35 22129
814 484 11135
590 44 11772
228 121 7805
630 819 10535
430 700 25923
550 873 32556
933 737 11653
90 855 24499
563 304 13931
422 181 6011
975 483 13237
941 123 19817
972 903 2301
55 295 4459
830 426 28866
126 557 18614
551 539 30265
559 365 15166
736 216 14874
88 42 13439
193 918 6630
87 317 24049
539 70 20050
65 742 17337
929 600 16608
678 297 25721
846 208 463
64 831 21321
423 784 16098
956 552 24385
716 992 12467
591 635 30237
50 698 30607
865 146 8162
261 722 8714
522 555 3979
386 457 26311
960 748 26916
703 305 18485
702 231 6121
586 949 13352
838 844 28469
396 64 2709
102 715 26476
706 742 7649
255 630 9256
533 468 1147
474 18 9029
506 906 18110
468 328 3248
431 480 25935
90 745 10489
515 332 13168
830 537 6428
476 321 24064
754 14 5121
850 629 797
726 256 16022
876 716 18347
398 985 14754
77 1000 12071
560 300 19607
916 140 28558
432 987 14093
275 944 24128
101 911 15021
1000 569 13358
951 606 28089
430 757 5806
609 152 27249
644 558 24518
331 844 2560
644 96 23514
965 409 6594
193 249 27635
95 844 28664
590 315 799
141 340 326
533 40 6813
278 578 10899
767 573 19408
485 485 23330
442 979 4136
402 653 14586
152 124 1674
287 835 19960
20 845 23259
41 686 22053
251 884 22459
113 904 30753
733 151 5008
40 455 5823
998 960 24946
142 755 5932
603 79 925
661 169 31032
361 807 24681
457 970 1941
707 517 31745
7 586 17450
547 64 2127
449 502 6345
422 151 18898
353 910 20208
369 585 11098
266 57 29018
652 141 29670
456 548 4228
120 13 30989
640 754 32639
879 488 11711
961 932 4249
301 444 24645
650 916 12750
731 943 11196
47 271 5881
690 888 24714
869 186 29756
804 410 17533
812 439 13600
939 677 22163
566 255 11604
856 378 2966
310 856 1560
129 337 4122
701 885 14262
711 417 20856
900 190 16534
605 813 13025
926 84 5075
39 407 13468
881 496 30550
152 563 17156
417 333 19942
475 37 12272
400 340 9139
818 968 21632
37 942 21557
294 829 21126
289 717 22153
529 716 13316
129 247 14729
323 681 3194
275 169 11087
197 368 4854
676 901 8171
416 284 15651
155 487 22895
216 239 712
734 151 18336
845 687 28286
981 113 32744
378 729 19325
486 367 32358
543 709 27094
400 813 1830
222 756 26998
989 779 27375
648 825 4536
31 522 13601
118 132 16001
867 820 28829
579 222 11541
173 808 20404
702 532 16931
897 301 10111
788 303 4025
896 976 26943
326 134 15652
175 183 9356
262 616 19435
410 13 13183
16 328 23643
200 851 3614
769 861 22885
229 842 29868
893 599 9915
802 761 14512
315 899 23926
797 965 31443
251 585 8862
258 481 18395
629 644 116
714 547 10614
153 398 13905
264 959 3982
320 671 31847
214 798 32097
461 399 4063
975 412 12685
976 111 20724
188 260 8910
668 338 8225
937 482 13100
377 235 18567
891 841 31164
619 509 29957
720 182 1868
425 566 15043
521 816 9356
422 681 32542
640 940 18581
934 255 14382
275 180 31965
54 545 3692
428 951 8180
593 868 2840
621 893 2728
183 499 4716
870 784 4951
170 595 14795
917 144 22942
122 54 26979
34 744 14503
260 82 30201
437 207 18625
663 221 19174
429 328 2310
876 777 9570
761 59 12352
71 476 6573
539 112 20554
494 612 28612
533 966 31128
376 113 10393
391 342 29881
103 629 32263
915 461 1511
65 516 16130
471 105 4869
994 577 22184
212 556 32403
216 546 26693
759 574 10889
844 714 870
445 740 27675
82 319 23181
301 586 21957
554 606 27691
972 498 12092
514 603 225
549 992 19223
885 702 4925
99 546 14407
125 102 29806
566 629 8635
620 169 7844
901 251 6337
965 839 28949
573 201 5893
826 682 23261
687 691 19260
243 449 4408
80 328 20445
545 568 8896
785 126 19828
945 79 23744
86 945 21114
431 805 22703
301 842 26797
471 371 30578
414 317 13410
182 153 23808
463 822 17483
942 842 31346
925 484 14497
921 176 11691
190 59 7858
44 394 17687
60 612 23112
885 810 6967
130 691 18528
919 854 20721
113 915 32552
62 225 16097
103 769 15687
524 673 21784
645 942 20175
899 368 7694
809 1000 30832
233 66 17590
423 578 27075
484 99 9971
817 264 24013
905 808 29911
911 91 31997
90 978 29313
384 925 22109
503 734 30063
710 802 28073
655 146 30614
745 473 31365
470 449 27052
28 955 6427
918 174 7010
795 165 26285
184 855 27517
129 502 25875
325 273 19222
888 747 5658
388 538 18018
161 774 7221
666 816 2771
968 503 24587
549 70 5493
898 816 21186
995 623 9681
561 654 29462
856 504 4281
440 382 20379
602 280 27598
963 238 27331
997 128 5537
468 428 13688
88 347 10169
384 728 23402
257 832 14051
96 89 26724
97 979 15263
329 171 28745
531 749 24447
246 929 27516
767 717 3540
351 850 30696
501 845 21769
241 506 13032
515 655 13158
449 832 31409
180 979 9534
428 733 9753
376 623 958
321 26 14282
531 239 19142
971 935 20035
57 793 407
76 125 9270
444 242 5446
840 464 27933
142 869 17700
282 425 18475
392 121 8361
407 226 30680
778 33 21372
114 909 5813
905 887 26542
99 989 12892
271 35 3913
722 812 7051
700 56 15797
378 898 26313
78 538 11952
878 903 6960
92 668 15301
582 79 29997
457 566 25218
96 853 334
668 217 27873
967 810 14209
290 909 6820
991 232 14670
756 780 17805
478 552 30185
322 287 5051
683 897 19771
624 850 12955
379 79 26412
226 741 6684
375 142 26328
765 234 19257
705 593 31089
117 318 11762
944 777 3839
140 773 29247
912 412 24380
784 122 29872
110 652 18236
491 81 29365
237 239 7335
129 219 9146
345 788 22953
674 42 25507
717 143 4324
160 456 20558
78 91 31500
138 675 24348
136 507 14322
803 956 20663
130 833 6958
348 476 22668
563 363 8350
110 615 6837
247 933 32637
856 468 7745
766 767 21181
106 12 19238
804 671 996
860 673 21048
952 310 8615
420 259 17145
42 370 7658
487 854 26153
864 981 9975
769 608 1364
404 792 32265
845 269 26324
542 691 24960
527 643 17155
519 501 27472
877 621 8845
937 890 13458
454 866 16164
939 239 13628
585 141 30469
826 871 17261
712 596 30992
233 93 22482
509 898 21083
689 437 25861
119 832 18316
246 992 11776
956 790 13154
607 478 11256
686 982 20784
63 967 20021
310 122 13620
381 227 16076
65 60 3606
158 974 27966
629 574 29174
707 317 31853
432 12 16070
508 784 25443
778 478 18669
515 68 10469
337 291 1121
391 788 12226
522 207 21441
863 7 7772
221 757 1548
701 950 5610
302 826 5903
320 621 15955
430 464 20383
530 831 12731
811 961 14901
793 483 7964
951 423 21903
440 734 7548
862 569 21081
92 365 12701
339 121 18967
877 608 1597
804 655 3259
891 890 23365
505 889 12205
313 61 19055
304 534 17468
242 515 16462
999 375 21667
392 436 32449
597 903 20013
411 443 14900
366 495 9244
996 754 30012
854 962 2652
923 869 13940
991 904 30769
39 934 8865
156 908 604
892 585 31113
396 224 22884
41 424 32258
663 890 9235
569 384 547
936 182 22340
85 234 13983
999 902 25481
761 497 2218
99 769 26209
513 998 23554
44 96 20463
559 756 22258
632 968 28530
93 202 21597
548 519 26606
655 151 29759
600 209 31684
892 801 15651
141 831 14642
566 183 24955
636 582 10982
25 74 4580
860 574 5941
514 153 25013
870 341 23954
756 646 13677
588 266 30031
183 832 2781
593 431 16861
894 174 14623
465 253 12285
860 72 6845
122 99 11426
945 275 32399
439 180 20849
237 635 19515
14 172 27691
212 969 3935
302 84 7515
19 20 10445
996 993 32
133 565 18268
952 759 28661
370 345 4668
789 964 25269
912 373 11479
277 926 15444
586 470 156
851 486 20238
951 537 4936
246 319 13805
472 287 12427
96 592 12534
755 912 25632
320 753 29030
909 493 15784
904 941 10688
59 221 10733
971 758 2206
527 445 25942
936 71 22140
370 531 14772
675 145 3582
679 468 28082
784 575 17246
78 246 5770
230 168 23297
708 31 27857
934 266 14442
159 332 27508
838 491 1537
838 577 27710
724 360 19300
932 42 14208
137 14 2883
870 69 9395
604 150 25334
684 339 2084
582 140 30021
124 406 19990
146 791 5923
204 246 24022
626 709 4167
609 388 16310
498 463 6891
381 750 5868
619 402 29975
246 633 23750
739 592 6975
433 399 31925
348 214 30497
485 629 2329
740 241 16166
61 807 20183
745 743 16821
15 894 8734
309 908 13616
665 82 26858
756 270 12442
197 499 14367
361 510 31259
814 931 24150
465 292 12244
707 514 949
977 125 17603
567 431 10345
735 957 11953
539 135 21391
723 318 17231
475 18 17083
792 985 29209
158 871 28259
685 796 5529
850 599 20934
481 353 21014
760 13 9524
820 464 12509
647 4 12224
596 968 11937
621 165 4549
961 654 6309
198 564 31676
413 51 10159
415 111 15708
117 572 6388
966 880 1793
908 1 25724
746 589 11195
939 953 28081
648 152 15528
90 542 30229
753 471 1627
118 707 853
241 685 24444
543 213 8491
562 62 25579
229 985 15575
20 730 14861
538 557 6934
152 487 26632
259 939 27351
684 180 7445
969 6 1576
256 666 14141
515 775 24586
113 430 18448
291 707 14643
238 963 31549
500 621 20197
401 865 6166
364 690 7772
809 959 29534
160 782 23693
698 260 6395
288 323 13602
277 819 19801
946 377 5373
189 407 21673
827 126 937
896 145 16960
224 630 11384
68 750 31932
727 912 843
487 580 13247
495 799 14897
144 59 19038
703 543 21600
554 341 17814
726 395 22584
765 564 12389
923 724 17740
85 805 12118
20 933 21671
655 439 15274
219 841 30921
969 710 16987
693 829 24589
545 34 15787
729 708 14198
723 5 24585
675 638 25882
203 302 7524
538 602 14496
571 81 23626
777 536 30092
533 726 27241
141 495 28240
632 417 2119
429 719 30809
9 660 3656
206 118 8340
546 275 24933
493 460 1309
686 637 14365
444 717 25617
416 729 8322
706 18 6341
867 829 24181
9 291 14281
820 824 9584
564 948 3964
528 253 29544
921 476 22057
548 42 31409
974 974 4054
604 419 9969
846 83 1365
834 507 28021
355 129 21307
650 866 21392
282 394 29367
494 411 30160
872 203 30613
181 667 28962
934 223 26053
882 411 27455
796 774 17980
95 131 10751
794 440 22034
103 842 16733
300 343 7201
348 383 28245
486 465 12439
151 346 18657
922 27 24377
517 500 8643
976 235 22594
548 558 12508
360 742 11563
626 83 16185
565 487 11711
407 566 17456
385 764 12093
831 44 3854
148 771 10886
346 581 8018
17 411 16252
923 522 19299
888 421 23332
530 985 23106
645 441 19242
724 79 20150
95 678 17614
664 189 25291
317 915 7789
944 16 10441
408 633 546
935 715 759
512 181 1332
32 35 13749
193 901 9024
380 534 20437
152 977 28011
69 167 4937
841 983 7433
921 774 31854
463 50 30307
672 421 4264
339 315 21429
562 211 19716
65 328 6523
349 453 29729
444 725 3226
115 279 9869
140 866 22547
985 883 13137
341 443 21306
122 847 30319
972 583 6834
108 530 31095
891 493 7566
26 889 28284
91 901 11636
392 217 6166
126 185 15250
640 852 20784
696 126 1466
434 789 15825
17 168 24081
370 651 18985
767 280 15628
784 230 3970
866 797 16561
52 363 3814
273 28 27986
836 686 32667
186 208 17217
277 399 17347
380 778 23091
217 710 32705
741 286 32321
434 801 24884
53 355 5068
68 115 26790
221 851 7858
962 796 5441
556 574 32404
557 104 13351
355 194 5407
578 766 23873
360 504 27790
367 469 26021
903 269 25579
969 851 21466
228 174 13233
460 287 15528
993 641 6364
199 879 28472
554 405 28052
772 201 3505
88 420 15848
274 459 11149
711 725 19549
47 668 23902
763 690 19775
473 243 24008
646 657 12523
330 618 6596
934 4 29848
861 414 10904
480 594 28225
775 536 3593
207 42 13247
1000
649 580 13348
500 4 20553
902 253 564
278 44 25690
200 702 15005
603 517 14100
901 194 11943
222 793 26611
937 606 16102
359 8 18508
818 761 30394
781 88 28495
372 876 1141
417 836 25766
942 594 7004
848 359 7363
38 122 9213
747 191 20016
724 280 5271
32 808 18832
270 925 11902
391 118 1542
377 752 32451
179 830 4669
382 355 12175
681 380 7760
506 688 17642
779 490 27956
211 335 6890
162 526 15487
302 694 13433
209 961 10139
200 674 28984
926 701 18376
117 374 26152
450 322 25717
983 898 10269
225 740 32735
767 360 10283
598 748 31224
825 551 8582
742 525 30712
665 882 21913
852 222 18736
151 403 15922
568 918 12794
501 770 18203
970 707 27604
161 995 22398
861 889 22021
841 815 18649
436 893 21608
70 508 11381
240 579 16935
715 505 16801
220 792 15507
637 79 3607
38 708 28249
730 910 30553
497 514 32193
779 312 22248
99 600 24768
319 527 7334
763 408 12284
709 188 31164
614 621 11809
733 898 5085
862 387 11015
895 962 13249
203 454 17060
854 161 4905
964 141 17852
165 811 11725
560 854 28364
200 539 5629
280 518 28583
82 181 6376
426 928 29878
359 338 18364
193 803 226
518 676 4636
696 30 4496
916 141 21415
772 57 23603
597 995 22908
737 559 16221
333 695 17926
598 125 16227
412 970 10354
162 758 10983
390 480 27289
209 463 24032
342 224 13133
939 312 6659
264 619 21569
356 615 8598
832 731 8714
899 101 15884
464 656 31210
688 519 11785
449 934 3169
137 130 11929
706 235 5307
408 51 438
702 499 17682
701 517 2176
327 524 11136
169 542 20907
52 353 113
510 43 27920
540 801 30550
900 999 31589
54 519 8751
966 894 23945
316 354 3481
344 123 10473
152 978 15978
898 49 11999
776 571 31498
106 491 805
820 732 6648
167 376 4528
661 679 15428
529 368 3720
501 150 13807
770 507 27266
7 699 16225
998 438 3551
730 400 12920
30 596 30273
636 313 23271
362 926 1906
812 726 5332
228 512 30455
331 366 26104
195 800 18527
683 373 15534
198 922 25805
261 535 23993
880 791 566
301 238 5283
173 245 24385
460 647 17410
418 190 24276
144 131 18959
524 345 23208
258 685 9031
14 452 9860
465 457 6169
109 242 17895
748 524 25542
177 403 21587
476 325 29184
842 765 9325
265 546 24049
331 423 13490
439 882 6311
511 3 22644
349 710 22046
800 580 27218
530 545 26463
543 450 6520
818 132 19820
106 280 30011
433 426 25587
740 81 21238
896 91 21496
923 554 6191
92 595 24057
67 596 26473
299 561 18496
795 153 14397
725 262 10583
903 720 4993
534 46 12247
949 50 4776
436 144 16403
748 440 28070
734 198 5450
135 28 25849
311 840 22367
512 905 15788
881 699 5969
881 917 25442
501 733 13284
894 242 10455
536 26 5433
510 746 6486
692 548 18765
147 351 28177
714 813 9360
817 218 4197
400 312 28951
349 359 11881
194 978 15378
402 644 22876
719 226 17559
304 52 32207
35 162 16340
906 25 21404
418 507 26187
539 419 14349
745 429 23214
555 748 20154
269 560 18021
483 156 22025
803 611 20717
100 97 25176
314 214 11924
694 50 16185
48 22 14393
315 995 6211
123 407 8469
691 238 21350
503 687 16579
468 633 17612
750 964 22266
313 17 10404
51 127 31667
218 154 10603
685 451 27065
29 144 14737
293 848 19152
211 912 15761
941 403 29687
648 140 32716
724 10 25969
57 547 14796
126 30 13718
617 146 14008
2 10 7843
327 703 16673
884 247 1788
295 623 17010
215 560 22682
128 856 17573
837 372 10148
761 975 30479
771 945 20829
351 627 32093
899 790 13290
866 168 15386
816 885 13484
490 728 6232
451 614 19987
759 178 18509
870 65 7989
593 463 28937
47 818 18075
3 113 29070
466 920 32503
166 159 30185
960 305 20418
574 405 19756
672 942 31989
549 230 4941
792 244 2137
553 728 7258
143 757 23583
831 677 16516
998 78 27080
206 49 16619
286 820 31101
241 923 2868
450 742 25955
998 97 13903
173 981 22941
667 148 15606
611 578 15598
490 107 19149
334 630 28478
894 18 30511
582 574 25197
751 136 5378
965 346 1852
549 764 24880
433 790 27441
892 467 24985
165 321 1470
247 398 17553
488 816 25119
853 746 5451
748 846 24734
788 665 13257
184 693 1346
797 430 16154
57 831 792
575 587 5906
561 818 14995
160 411 22217
804 579 1718
276 650 15227
568 555 18439
432 491 25502
534 455 28027
418 796 16462
581 943 6873
993 79 1883
91 778 18765
186 297 32419
201 2 10777
950 448 10617
852 930 31912
489 653 18245
955 527 16501
53 724 16039
968 566 128
474 800 4804
93 437 14662
633 516 26754
733 462 23414
368 439 32730
138 572 31965
431 948 27029
179 408 13887
611 504 15363
602 376 18447
779 251 10643
193 309 14672
137 873 12887
361 829 2814
12 598 17874
68 667 8141
272 9 7338
419 283 27433
790 631 27147
324 996 11187
193 747 21222
475 60 13494
607 396 27984
520 871 26436
655 599 29863
798 572 18174
788 932 28493
844 558 24499
840 531 18711
883 169 18521
925 516 29122
841 1000 17680
971 226 28940
573 932 11563
894 770 10816
150 641 7030
67 666 18271
100 423 24111
824 872 2083
813 711 26994
115 739 2958
888 216 2562
432 405 10959
144 309 4021
795 894 12949
38 844 28146
102 584 17454
604 46 13821
883 996 31240
487 192 8711
537 902 9065
390 738 31040
382 512 6517
303 92 13394
385 293 25573
557 549 18202
368 278 11768
482 393 8053
949 697 31872
528 210 4728
59 429 15390
197 277 26739
735 750 11020
912 241 19845
534 362 25599
907 596 28600
349 415 30731
848 297 21716
24 703 9110
142 730 16747
265 558 20141
19 690 14287
340 59 17251
761 790 28915
803 163 25862
510 522 2655
677 163 18755
179 849 19399
174 785 28820
167 803 11228
269 777 3470
829 920 28537
65 239 25327
933 194 12087
905 371 20082
502 295 3845
783 836 10962
610 628 20581
111 558 23951
454 439 29526
281 614 13642
278 797 8974
130 899 17362
234 881 793
298 716 11068
821 945 26230
453 226 30614
943 315 24005
804 370 10012
258 783 10923
167 254 248
609 179 21994
969 628 24299
245 114 13039
118 848 10361
365 546 22201
469 534 32369
978 314 16743
392 40 3034
869 691 212
651 202 11707
516 163 14341
78 681 13620
156 213 2647
597 314 32727
81 324 15026
322 915 4182
786 949 11814
776 744 17871
631 595 16063
226 750 23139
497 631 13944
391 596 483
935 679 13198
445 341 26538
832 343 28324
647 894 30473
751 599 12411
503 224 23496
183 459 2090
899 523 4265
438 898 21520
224 798 12284
276 412 16132
905 364 7829
483 350 16489
234 186 9161
197 37 18734
141 260 8518
470 269 24804
882 197 29650
702 706 23922
173 722 8797
26 413 25869
750 732 29425
764 989 23929
189 536 21848
354 303 7368
369 513 24984
530 358 28430
20 322 31891
883 931 8640
11 399 8044
52 226 4277
23 754 20098
962 666 31246
805 698 4895
569 973 30059
797 114 22317
968 756 8237
20 230 25742
485 499 13246
107 803 4588
906 195 7197
635 128 25883
423 395 5137
185 397 14179
500 63 6613
334 313 16971
104 525 2600
60 359 31679
832 724 10479
268 849 24226
469 487 9722
597 353 14641
314 906 4494
750 113 27837
302 810 1974
963 280 17066
736 524 27282
654 150 10417
151 618 8982
157 529 23257
176 19 23806
625 978 19364
909 190 24035
754 704 2913
57 315 16552
648 460 5545
756 413 21960
677 794 22623
510 871 32291
827 274 2527
825 314 22875
731 337 3099
111 905 25065
712 116 14540
603 586 24680
672 712 5901
913 53 19660
787 932 13558
822 148 3968
601 47 16402
305 927 28062
311 525 3523
235 416 4802
995 456 8431
612 593 28703
28 242 27794
73 107 23527
636 194 11013
138 826 19750
193 816 12313
799 849 3987
272 909 12374
396 308 10259
180 884 8704
982 597 11739
456 798 11447
74 869 25972
287 657 8895
442 790 16913
502 237 19287
730 393 26357
310 84 26548
297 194 9687
908 293 25712
893 245 6285
943 642 10120
335 232 9058
446 179 28491
346 183 15077
986 605 20674
672 680 782
205 42 9337
593 109 5899
177 529 9900
334 902 20514
118 510 19534
160 795 1880
329 389 24677
733 24 24804
531 430 30113
633 34 414
178 815 9799
900 660 28128
136 126 4291
208 309 3734
116 912 2427
535 925 17524
904 893 10941
799 14 23176
747 170 20953
178 791 24735
865 868 17613
523 209 19259
340 550 15877
119 298 31243
374 272 1057
91 879 18207
689 434 4550
875 836 20568
268 25 13781
271 150 6585
113 658 3753
629 75 17065
912 106 25386
327 951 8526
676 245 13014
768 377 32372
471 651 29192
510 360 12754
726 59 23089
290 272 20869
798 109 3510
757 419 22802
673 765 7604
310 449 27476
267 733 21464
356 671 28704
593 85 3339
718 64 6536
635 580 425
174 190 9726
386 887 7792
252 594 19402
878 230 7545
635 200 28558
813 254 28873
626 962 27343
928 913 22632
403 686 2233
948 995 15359
984 464 20128
882 591 9315
704 481 29406
610 44 2976
21 387 24619
825 431 14943
69 348 7293
22 137 8120
345 298 12814
5 63 3284
293 271 7716
473 916 4076
641 277 7330
421 86 25213
670 702 14489
615 824 3287
156 409 10566
401 633 5453
127 802 71
99 818 23464
37 541 22765
320 188 12724
375 518 25070
510 775 26620
689 934 4586
332 219 29203
816 149 27781
953 478 2040
739 930 16634
971 56 21116
755 227 3187
665 911 20139
157 435 31122
247 879 14509
437 305 9198
707 410 2210
529 618 8554
649 479 27727
305 413 11442
305 908 16075
839 143 29513
121 123 23402
686 577 20198
156 319 23438
266 334 25875
449 490 26412
532 587 6475
650 466 20009
70 989 15631
187 851 13531
587 549 18086
74 992 18507
115 291 25213
464 316 16150
204 334 15470
526 116 29172
784 499 13655
236 619 9043
131 137 11961
704 356 12172
33 50 31078
502 350 26516
236 349 5475
121 540 22081
626 789 8328
4 168 13420
341 581 24193
894 334 27301
488 639 63
687 452 16178
916 473 2564
556 112 17798
764 882 15997
434 254 24707
642 157 6833
614 22 15120
67 379 431
298 415 4860
358 225 2112
764 473 8225
420 659 12295
561 529 22072
414 985 7890
822 647 18924
465 892 18958
403 532 12808
691 189 30616
786 196 25553
801 609 11368
581 799 22001
724 844 30401
35 793 14202
204 346 17641
586 105 4330
94 277 31395
538 555 17209
663 198 1752
776 698 7510
601 870 10285
450 550 15009
50 730 10882
540 517 32063
782 305 140
910 843 19811
904 577 1026
778 537 25301
958 724 11292
246 7 20586
534 525 32079
447 463 24870
398 984 9873
883 173 9528
543 917 32646
66 165 24862
297 853 14437
599 751 31618
182 327 22392
768 372 5824
494 852 27011
745 688 18698
740 1000 24951
808 782 29349
283 781 22837
704 84 5053
532 250 2140
119 676 19381
41 986 10059
550 708 27149
205 750 25563
172 526 15653
945 260 23180
142 796 9615
23 579 523
175 883 29872
406 901 28769
449 278 21463
9 246 10288
198 170 27929
981 590 447
638 651 24979
506 754 5835
977 202 20704
826 681 10581
809 208 25574
46 281 7396
71 143 323
468 194 5878
222 431 7174
250 452 1685
95 413 32120
731 538 31816
805 968 4376
106 272 13018
36 945 9768
272 293 16045
496 455 23627
418 66 23703
364 916 6445
948 901 6769
123 526 818
995 861 25321
944 827 8591
413 510 9013
300 126 31847
568 746 7345
393 725 30652
758 468 19867
588 601 14940
801 231 862
192 707 19975
62 666 28210
5 258 22659
943 459 16635
799 238 25956
211 348 22948
749 761 18082
273 65 28024
319 965 9825
775 647 4637
761 49 3695
773 299 1851
218 198 31334
451 680 11774
469 563 3955
138 978 29417
370 14 24880
2 91 25538
220 56 19740
685 275 3697
881 115 32394
385 430 26415
939 851 11043
978 972 9050
131 665 7246
821 141 961
275 132 13344
732 199 17486
57 187 23707
196 894 8275
687 843 18026
808 598 25062
472 820 6232
936 160 6158
515 596 17204
230 440 8886
658 613 9704
353 1000 5270
318 327 7140
304 300 19099
539 721 1070
305 917 21875
314 355 22966
208 308 15684
566 7 9668
861 926 4285
185 11 31634
581 460 26622
665 607 22646
562 416 22795
170 969 17961
205 995 7876
599 368 1284
310 428 13468
317 833 25174
368 545 14470
686 457 17177
64 40 20935
675 264 26034
380 314 30392
168 453 32134
313 589 1183
514 814 8568
220 738 1054
197 299 8898
580 649 31210
896 825 21404
30 370 5846
897 175 7590
675 334 19268
774 715 5670
956 114 421
674 386 4708
228 76 24719
999 30 10451
130 791 16518
870 625 7112
403 139 19101
505 390 28909
145 391 19568
922 692 1203
352 643 800
740 967 19306
739 987 16998
510 740 14804
916 199 15825
681 937 3395
351 533 10692
8 969 28583
583 464 14047
132 432 19991
799 875 26056
22 676 14515
325 638 10906
941 864 22783
807 531 7775
280 58 2047
50 541 25183
596 800 24499
199 863 11313
925 202 23509
834 30 710
244 509 19421
548 587 21486
421 593 3258
790 491 1801
730 450 19133
236 700 23770
760 338 31916
603 631 5559
157 93 28413
584 396 20118
893 355 8861
316 213 6810
272 989 1238
934 884 25136
205 493 11824
786 265 20965
631 403 29795
615 217 29293
786 628 16306
666 428 12449
534 478 20036
93 770 30550
978 975 28763
912 812 22105
784 962 24183
1000 649 22784
544 129 9925
714 539 29700
159 74 24946
410 641 9632
750 16 29612
111 215 21554
800 141 14212
137 895 30414
852 253 29416
248 666 28794
673 150 12908
109 164 4631
396 637 27815
526 163 16418
278 360 22842
314 889 4297
777 342 13038
246 166 11280
672 666 15974
22 796 6906
341 469 30545
970 127 21488
943 550 17454
582 595 474
315 439 5361
73 621 4262
97 400 27444
558 600 17721
533 510 2742
681 629 24566
964 548 1879
272 20 20571
566 894 8654
715 252 9585
617 591 30416
222 830 31226
211 136 31845
16 465 27810
386 50 14225
282 166 5020
558 238 2214
938 403 6265
22 132 30426
149 949 5143
75 47 5105
92 479 11255
106 903 30491
93 848 10593
223 676 31325
941 605 6170
866 557 26641
660 405 15772
709 172 11888
138 972 15115
265 476 3355
950 229 15200
948 300 5404
180 490 31877
526 894 19933
771 67 7499
14 642 29181
170 57 13192
343 445 3351
61 596 5318
602 859 24529
47 583 16702
258 527 25030
315 736 21529
980 123 4407
453 109 3373
354 294 3708
511 856 18353
580 701 21932
507 99 20126
992 554 21244
948 232 19120
852 298 7874
149 306 20300
826 586 29721
579 967 8886
630 342 417
515 234 4945
272 383 5584
783 566 20205
630 912 28867
428 966 4684
117 891 17315
615 933 30298
412 458 10731
674 620 28119
779 354 17207
963 284 354
278 770 5222
73 281 20775
658 719 3376
82 121 10906
123 416 2950
476 501 26116
163 914 2124
490 766 4820
330 968 20826
792 387 2796
696 399 25278
