7
4 2
2
-1 1 1 -1
5 2 -1 -1
13 6
7
3 -2 1 3
6 9 -2 -1
8 0 -1 -1
7 6 10 0
11 -2 2 1
-2 4 6 -1
3 2 -5 -1
30 30
20
-3 -3 2 2
3 3 5 6
1 1 15 15
10 2 1 1
2 3 4 5
3 4 5 6
4 5 6 7
5 6 7 8
8 9 10 11
9 10 2 5
-10 -10 5 5
20 30 -3 -5
40 40 -8 -9
35 20 -3 -5
-9 6 8 -3
6 -3 -4 5
-5 -8 7 7
-2 -7 4 -2
-10 -10 4 5
-10 8 8 9
20 20
20
-3 -3 2 2
3 3 5 6
1 1 15 15
10 2 1 1
2 3 4 5
3 4 5 6
4 5 6 7
5 6 7 8
8 9 10 11
9 10 2 5
-10 -10 5 5
20 30 -3 -5
40 40 -8 -9
35 20 -3 -5
-9 6 8 -3
6 -3 -4 5
-5 -8 7 7
-2 -7 4 -2
-10 -10 4 5
-10 8 8 9
40 40
20
-3 -3 2 2
3 3 5 6
1 1 15 15
10 2 1 1
2 3 4 5
3 4 5 6
4 5 6 7
5 6 7 8
8 9 10 11
9 10 2 5
-10 -10 5 5
20 30 -3 -5
40 40 -8 -9
35 20 -3 -5
-9 6 8 -3
6 -3 -4 5
-5 -8 7 7
-2 -7 4 -2
-10 -10 4 5
-10 8 8 9
50 50
20
-3 -3 2 2
3 3 5 6
1 1 15 15
10 2 1 1
2 3 4 5
3 4 5 6
4 5 6 7
5 6 7 8
8 9 10 11
9 10 2 5
-10 -10 5 5
20 30 -3 -5
40 40 -8 -9
35 20 -3 -5
-9 6 8 -3
6 -3 -4 5
-5 -8 7 7
-2 -7 4 -2
-10 -10 4 5
-10 8 8 9
10 10
20
-3 -3 2 2
3 3 5 6
1 1 15 15
10 2 1 1
2 3 4 5
3 4 5 6
4 5 6 7
5 6 7 8
8 9 10 11
9 10 2 5
-10 -10 5 5
20 30 -3 -5
40 40 -8 -9
35 20 -3 -5
-9 6 8 -3
6 -3 -4 5
-5 -8 7 7
-2 -7 4 -2
-10 -10 4 5
-10 8 8 9
