1
3
6
10
15
21
28
36
45
55
66
78
91
105
120
136
153
171
190
210
231
253
276
300
325
351
378
406
435
465
496
528
561
595
630
666
703
741
780
820
861
903
946
990
1035
1081
1128
1176
1225
1275
1326
1378
1431
1485
1540
1596
1653
1711
1770
1830
1891
1953
2016
2080
2145
2211
2278
2346
2415
2485
2556
2628
2701
2775
2850
2926
3003
3081
3160
3240
3321
3403
3486
3570
3655
3741
3828
3916
4005
4095
4186
4278
4371
4465
4560
4656
4753
4851
4950
5050
1
3
5
7
10
14
17
20
23
28
33
37
41
45
50
55
60
66
73
78
84
89
94
99
105
114
121
127
134
140
147
154
161
167
173
183
190
202
210
218
225
232
240
247
254
261
268
276
290
301
310
318
327
335
343
353
362
371
380
390
399
408
417
430
443
455
466
476
485
496
506
515
525
534
543
552
561
577
591
604
615
626
636
647
657
668
678
690
702
714
725
736
748
759
774
787
799
817
830
843
1
3
5
7
9
12
16
20
23
26
29
32
35
39
45
50
55
60
65
69
73
77
81
85
89
93
97
101
106
112
118
124
131
140
145
150
155
160
166
171
176
181
187
194
199
204
210
215
220
225
230
235
241
250
258
264
270
276
284
292
299
305
311
317
323
329
335
341
352
362
370
376
382
388
394
400
406
413
419
425
431
437
443
449
456
463
470
476
482
489
495
503
510
519
526
533
540
547
554
561
1
3
5
7
9
12
15
19
23
26
29
32
35
38
41
45
49
54
61
67
73
77
81
85
89
93
97
101
105
109
113
117
121
125
129
133
137
143
150
157
165
175
181
187
193
199
205
210
215
220
225
230
235
240
245
250
255
260
265
270
275
280
285
290
295
304
309
314
319
324
329
334
339
344
349
354
361
368
375
382
389
396
403
410
422
433
442
449
456
463
470
476
482
488
494
500
506
512
518
524
1
3
5
7
9
12
15
19
23
26
29
32
35
38
41
45
49
53
57
62
67
73
81
85
89
93
97
101
105
109
113
117
121
125
129
133
137
141
145
150
155
160
165
170
175
182
190
198
207
218
225
230
235
240
245
250
255
260
265
270
275
280
285
290
295
300
305
310
315
320
325
331
337
343
349
354
359
364
369
374
379
384
389
394
399
404
409
414
419
424
429
434
439
447
455
463
471
479
487
495
1
3
5
7
9
12
15
19
23
26
29
32
35
38
41
45
49
53
57
62
67
72
77
83
89
93
97
101
105
109
113
117
121
125
129
133
137
141
145
150
155
160
165
170
175
180
185
191
197
203
209
215
221
229
238
247
255
260
265
270
275
280
285
290
295
300
305
310
315
320
325
331
337
343
349
354
359
364
369
374
379
384
389
394
399
404
409
414
419
424
429
434
439
444
449
455
461
467
473
479
1
3
5
7
9
12
15
19
23
26
29
32
35
38
41
45
49
53
57
62
67
72
77
83
89
93
97
101
105
109
113
117
121
125
129
133
137
141
145
150
155
160
165
170
175
180
185
191
197
203
209
215
221
227
233
240
247
254
261
268
275
280
285
290
295
300
305
310
315
320
325
331
337
343
349
354
359
364
369
374
379
384
389
394
399
404
409
414
419
424
429
434
439
444
449
455
461
467
473
479
1
3
5
7
9
12
15
19
23
26
29
32
35
38
41
45
49
53
57
62
67
72
77
83
89
93
97
101
105
109
113
117
121
125
129
133
137
141
145
150
155
160
165
170
175
180
185
191
197
203
209
215
221
227
233
240
247
254
261
268
275
280
285
290
295
300
305
310
315
320
325
330
337
343
349
354
359
364
369
374
379
384
389
394
399
404
409
414
419
424
429
434
439
444
449
455
461
467
473
479
1
3
5
7
9
12
15
19
23
26
29
32
35
38
41
45
49
53
57
62
67
72
77
83
89
93
97
101
105
109
113
117
121
125
129
133
137
141
145
150
155
160
165
170
175
180
185
191
197
203
209
215
221
227
233
240
247
254
261
268
275
280
285
290
295
300
305
310
315
320
325
330
337
343
349
354
359
364
369
374
379
384
389
394
399
404
409
414
419
424
429
434
439
444
449
455
461
467
473
479
1
3
5
7
9
12
15
19
23
26
29
32
35
38
41
45
49
53
57
62
67
72
77
83
89
93
97
101
105
109
113
117
121
125
129
133
137
141
145
150
155
160
165
170
175
180
185
191
197
203
209
215
221
227
233
240
247
254
261
268
275
280
285
290
295
300
305
310
315
320
325
330
337
343
349
354
359
364
369
374
379
384
389
394
399
404
409
414
419
424
429
434
439
444
449
455
461
467
473
479
