10
15
8 12
3 4
5 3
6 4
8 5
14 8
2 8
7 5
12 3
10 12
15 5
1 7
11 4
13 3
9 12
10
9 5
9 8
1 8
10 9
6 10
2 1
5 10
7 10
3 9
4 8
14
1 1
14 13
12 14
5 12
1 14
11 12
10 13
9 1
4 14
7 14
2 13
6 9
8 11
3 2
6
4 5
6 1
2 1
3 6
4 2
5 3
16
3 7
11 2
7 11
14 11
4 7
12 4
10 14
15 14
3 14
8 4
5 3
13 14
9 2
16 5
6 11
1 13
12
2 3
6 2
12 2
7 2
4 12
3 12
10 4
5 4
1 10
11 5
8 1
9 6
17
13 16
14 6
9 6
16 9
1 16
13 1
12 16
7 16
2 9
11 2
10 13
8 16
5 7
17 2
3 13
15 3
4 16
3
2 2
1 2
3 1
3
1 2
2 1
3 1
14
10 10
9 6
2 6
3 2
14 3
4 14
13 3
8 6
10 9
7 9
1 14
12 14
5 2
11 6
